material Pauling_EN Sum_of_VE Mean_Atom# Mean_AtomR Atom_RR Group#_Diff Quantum#_Diff 
CuTm_group1     0.65     14     49.0     1.55     0.77     8     1
GaRu_group1     0.39     11     37.5     1.3     1.0     5     1
ZnAu_group1     0.89     23     54.5     1.35     1.0     1     0
ZnLu_group1     0.38     15     50.5     1.55     0.77     9     0
ZnYb_group1     0.55     15     50.0     1.55     0.77     9     1
ZnTm_group1     0.40     15     49.5     1.55     0.77     9     1
ZnEr_group1     0.41     15     49.0     1.55     0.77     9     1
ZnHo_group1     0.42     15     48.5     1.55     0.77     9     1
ZnDy_group1     0.43     15     48.0     1.55     0.77     9     1
ZnTb_group1     0.45     15     47.5     1.55     0.77     9     1
ZnGd_group1     0.45     15     47.0     1.575     0.75     9     1
GaRh_group1     0.47     12     38.0     1.325     0.962962963     4     1
ZnEu_group1     1.65     15     46.5     1.6     0.72972973     9     1
ZnNd_group1     0.51     15     45.0     1.6     0.72972973     9     1
ZnPr_group1     0.52     15     44.5     1.6     0.72972973     9     1
ZnCe_group1     0.53     15     44.0     1.6     0.72972973     9     1
ZnLa_group1     0.55     15     43.5     1.65     0.692307692     9     0
ZnBa_group1     0.76     14     43.0     1.75     0.627906977     10     2
ZnRh_group1     0.63     21     37.5     1.35     1.0     3     0
ZnZr_group1     0.32     16     35.0     1.45     0.870967742     8     0
ZnY_group1     0.43     15     34.5     1.575     0.75     9     0
CuEr_group1     0.66     14     48.5     1.55     0.77     8     1
CuHo_group1     0.67     14     48.0     1.55     0.77     8     1
ZnSm_group1     0.48     15     46.0     1.6     0.72972973     9     1
CuDy_group1     0.68     14     47.5     1.55     0.77     8     1
GaAg_group1     0.12     14     39.0     1.45     0.8125     2     1
BrCs_group1     2.17     8     45.0     1.875     0.44230769200000003     16     1
RuLu_group1     0.93     11     57.5     1.525     0.7428571429999999     5     0
RuYb_group1     1.1     11     57.0     1.525     0.7428571429999999     5     1
TcTa_group1     0.4     12     58.0     1.4     0.931034483     2     0
TcHf_group1     0.6     11     57.5     1.45     0.870967742     3     0
NbRu_group1     0.6     13     42.5     1.375     0.896551724     3     0
ZrPt_group1     0.95     14     59.0     1.45     0.870967742     6     0
ZrIr_group1     0.87     13     58.5     1.45     0.870967742     5     0
ZrOs_group1     0.87     12     58.0     1.425     0.838709677     4     0
ZrRh_group1     0.95     13     42.5     1.45     0.870967742     5     0
ZrRu_group1     0.87     12     42.0     1.425     0.838709677     4     0
GaIr_group1     0.39     12     54.0     1.325     0.962962963     4     1
YTl_group1     0.4     6     60.0     1.85     0.947368421     10     1
YAu_group1     1.32     14     59.0     1.575     0.75     8     0
YIr_group1     0.98     12     58.0     1.575     0.75     6     0
YCd_group1     0.47     15     43.5     1.675     0.8611111109999999     9     2
YAg_group1     0.71     14     43.0     1.7     0.8888888890000001     8     2
YRh_group1     1.06     12     42.0     1.575     0.75     6     0
SrTl_group1     0.67     5     59.5     1.95     0.95     11     1
SrHg_group1     1.05     14     59.0     1.75     0.75     10     2
SrCd_group1     0.74     14     43.0     1.775     0.775     10     0
RbAu_group1     1.72     12     58.0     1.85     0.574468085     10     2
BrTl_group1     1.34     10     58.0     1.525     0.605263158     4     0
YHg_group1     0.78     15     59.5     1.65     0.833333333     9     0
RuHf_group1     0.9     12     58.0     1.425     0.838709677     4     0
CuTb_group1     0.7     14     47.0     1.55     0.77     8     1
CuEu_group1     1.9     14     46.0     1.6     0.72972973     8     1
TiZn_group1     0.11     16     26.0     1.375     0.9642857140000001     8     0
TiNi_group1     0.37     14     25.0     1.375     0.9642857140000001     6     0
TiCo_group1     0.34     13     24.5     1.375     0.9642857140000001     5     0
TiFe_group1     0.29     12     24.0     1.4     1.0     4     0
ScHg_group1     0.64     15     50.5     1.55     0.9375     9     0
ScAu_group1     1.18     14     50.0     1.475     0.84375     8     0
ScPt_group1     0.92     13     49.5     1.475     0.84375     7     0
ScIr_group1     0.84     12     49.0     1.475     0.84375     6     0
ScSn_group1     0.6     7     35.5     1.525     0.90625     11     1
ScCd_group1     0.33     15     34.5     1.575     0.96875     9     2
TiTc_group1     0.36     11     32.5     1.375     0.9642857140000001     3     0
ScAg_group1     0.57     14     34.0     1.6     1.0     8     2
ScRh_group1     0.92     12     33.0     1.475     0.84375     6     0
ScRu_group1     0.84     11     32.5     1.45     0.8125     5     0
ScZn_group1     0.29     15     25.5     1.475     0.84375     9     0
ScCu_group1     0.54     14     25.0     1.475     0.84375     8     0
ScNi_group1     0.55     13     24.5     1.475     0.84375     7     0
ScCo_group1     0.52     12     24.0     1.475     0.84375     6     0
CaTl_group1     0.62     5     50.5     1.85     0.947368421     11     1
CaHg_group1     1.0     14     50.0     1.65     0.833333333     10     2
CaCd_group1     0.69     14     34.0     1.675     0.8611111109999999     10     0
CaPd_group1     1.2     12     33.0     1.6     0.7777777779999999     8     2
ScPd_group1     0.84     13     33.5     1.5     0.875     7     0
CuGd_group1     0.7     14     46.5     1.575     0.75     8     1
TiRu_group1     0.66     12     33.0     1.35     0.9285714290000001     4     0
TiPd_group1     0.66     14     34.0     1.4     1.0     6     0
CuSm_group1     0.73     14     45.5     1.6     0.72972973     8     1
CuZr_group1     0.57     15     34.5     1.45     0.870967742     7     0
CuY_group1     0.68     14     34.0     1.575     0.75     8     0
CuZn_group1     0.25     23     29.5     1.35     1.0     1     0
NiGa_group1     0.1     13     29.5     1.325     0.962962963     3     1
CoHf_group1     0.58     13     49.5     1.45     0.870967742     5     0
CoZr_group1     0.55     13     33.5     1.45     0.870967742     5     0
CoGa_group1     0.07     12     29.0     1.325     0.962962963     4     1
FeRh_group1     0.45     17     35.5     1.375     0.9642857140000001     1     0
FeCo_group1     0.05     17     26.5     1.375     0.9642857140000001     1     0
TiRh_group1     0.74     13     33.5     1.375     0.9642857140000001     5     0
MnHg_group1     0.45     19     52.5     1.45     0.933333333     5     0
MnRh_group1     0.73     16     35.0     1.375     0.9642857140000001     2     0
MnGa_group1     0.26     10     28.0     1.35     0.9285714290000001     6     1
MnZn_group1     0.1     19     27.5     1.375     0.9642857140000001     5     0
VOs_group1     0.57     13     49.5     1.325     0.962962963     3     0
VTc_group1     0.27     12     33.0     1.35     1.0     2     0
VMo_group1     0.53     11     32.5     1.4     0.931034483     1     0
VFe_group1     0.2     13     24.5     1.375     0.9642857140000001     3     0
VMn_group1     0.08     12     24.0     1.375     0.9642857140000001     2     0
TiOs_group1     0.66     12     49.0     1.35     0.9285714290000001     4     0
TiRe_group1     0.36     11     48.5     1.375     0.9642857140000001     3     0
MnPd_group1     0.65     17     35.5     1.4     1.0     3     0
ClTl_group1     1.54     10     49.0     1.45     0.526315789     4     0
RhIn_group1     0.5     12     47.0     1.45     0.870967742     4     1
RhGd_group1     1.08     12     54.5     1.575     0.75     6     1
GdTl_group1     0.42     6     72.5     1.85     0.947368421     10     2
GdHg_group1     0.8     15     72.0     1.65     0.833333333     9     1
GdAu_group1     1.34     14     71.5     1.575     0.75     8     1
EuTl_group1     1.62     6     72.0     1.875     0.9736842109999999     10     2
EuHg_group1     2.0     15     71.5     1.675     0.810810811     9     1
SmTl_group1     0.45     6     71.5     1.875     0.9736842109999999     10     2
SmAu_group1     1.37     14     70.5     1.6     0.72972973     8     1
NdTl_group1     0.48     6     70.5     1.875     0.9736842109999999     10     2
NdHg_group1     0.86     15     70.0     1.675     0.810810811     9     1
NdAu_group1     1.4     14     69.5     1.6     0.72972973     8     1
TbAu_group1     1.34     14     72.0     1.55     0.77     8     1
PrTl_group1     0.49     6     70.0     1.875     0.9736842109999999     10     2
PrAu_group1     1.41     14     69.0     1.6     0.72972973     8     1
CeTl_group1     0.5     6     69.5     1.875     0.9736842109999999     10     2
CeHg_group1     0.88     15     69.0     1.675     0.810810811     9     1
LaTl_group1     0.52     6     69.0     1.925     0.974358974     10     1
LaHg_group1     0.9     15     68.5     1.725     0.7692307690000001     9     0
BaHg_group1     1.11     14     68.0     1.825     0.697674419     10     2
CsAu_group1     1.75     12     67.0     1.975     0.519230769     10     2
ICs_group1     1.87     8     54.0     2.0     0.538461538     16     1
SbTl_group1     0.43     8     66.0     1.675     0.763157895     2     0
InYb_group1     0.68     6     59.5     1.65     0.8857142859999999     10     2
PrHg_group1     0.87     15     69.5     1.675     0.810810811     9     1
InTm_group1     0.53     6     59.0     1.65     0.8857142859999999     10     2
TbHg_group1     0.8     15     72.5     1.625     0.857142857     9     1
DyAu_group1     1.32     14     72.5     1.55     0.77     8     1
HfOs_group1     0.9     12     74.0     1.425     0.838709677     4     0
LuHg_group1     0.73     15     75.5     1.625     0.857142857     9     0
LuAu_group1     1.27     14     75.0     1.55     0.77     8     0
LuIr_group1     0.93     12     74.0     1.55     0.77     6     0
YbTl_group1     0.52     6     75.5     1.825     0.921052632     10     2
YbHg_group1     0.9     15     75.0     1.625     0.857142857     9     1
YbAu_group1     1.44     14     74.5     1.55     0.77     8     1
YbIr_group1     1.1     12     73.5     1.55     0.77     6     1
TmTl_group1     0.37     6     75.0     1.825     0.921052632     10     2
TmHg_group1     0.75     15     74.5     1.625     0.857142857     9     1
TbTl_group1     0.42     6     73.0     1.825     0.921052632     10     2
TmAu_group1     1.29     14     74.0     1.55     0.77     8     1
ErTl_group1     0.38     6     74.5     1.825     0.921052632     10     2
ErHg_group1     0.76     15     74.0     1.625     0.857142857     9     1
ErAu_group1     1.3     14     73.5     1.55     0.77     8     1
ErIr_group1     0.96     12     72.5     1.55     0.77     6     1
HoTl_group1     0.39     6     74.0     1.825     0.921052632     10     2
HoHg_group1     0.77     15     73.5     1.625     0.857142857     9     1
HoAu_group1     1.31     14     73.0     1.55     0.77     8     1
HoIr_group1     0.97     12     72.0     1.55     0.77     6     1
DyTl_group1     0.4     6     73.5     1.825     0.921052632     10     2
DyHg_group1     0.78     15     73.0     1.625     0.857142857     9     1
TmIr_group1     0.95     12     73.0     1.55     0.77     6     1
RhSm_group1     1.11     12     53.5     1.6     0.72972973     6     1
InEr_group1     0.54     6     58.5     1.65     0.8857142859999999     10     2
InGd_group1     0.58     6     56.5     1.675     0.8611111109999999     10     2
AgGd_group1     0.73     14     55.5     1.7     0.8888888890000001     8     3
AgSm_group1     0.76     14     54.5     1.725     0.864864865     8     3
AgNd_group1     0.79     14     53.5     1.725     0.864864865     8     3
AgPr_group1     0.8     14     53.0     1.725     0.864864865     8     3
AgCe_group1     0.81     14     52.5     1.725     0.864864865     8     3
AgLa_group1     0.83     14     52.0     1.775     0.8205128209999999     8     2
AgCd_group1     0.24     23     47.5     1.575     0.96875     1     0
PdLu_group1     0.93     13     58.5     1.575     0.8     7     0
PdYb_group1     1.1     13     58.0     1.575     0.8     7     1
PdTm_group1     0.95     13     57.5     1.575     0.8     7     1
AgTb_group1     0.73     14     56.0     1.675     0.914285714     8     3
PdEr_group1     0.96     13     57.0     1.575     0.8     7     1
PdDy_group1     0.98     13     56.0     1.575     0.8     7     1
PdIn_group1     0.42     13     47.5     1.475     0.9032258059999999     3     1
RhHf_group1     0.98     13     58.5     1.45     0.870967742     5     0
RhLu_group1     1.01     12     58.0     1.55     0.77     6     0
RhYb_group1     1.18     12     57.5     1.55     0.77     6     1
RhTm_group1     1.03     12     57.0     1.55     0.77     6     1
RhEr_group1     1.04     12     56.5     1.55     0.77     6     1
RhHo_group1     1.05     12     56.0     1.55     0.77     6     1
RhDy_group1     1.06     12     55.5     1.55     0.77     6     1
RhTb_group1     1.08     12     55.0     1.55     0.77     6     1
PdHo_group1     0.97     13     56.5     1.575     0.8     7     1
InDy_group1     0.56     6     57.5     1.65     0.8857142859999999     10     2
AgDy_group1     0.71     14     56.5     1.675     0.914285714     8     3
AgEr_group1     0.69     14     57.5     1.675     0.914285714     8     3
InSm_group1     0.61     6     55.5     1.7     0.837837838     10     2
InNd_group1     0.64     6     54.5     1.7     0.837837838     10     2
InPr_group1     0.65     6     54.0     1.7     0.837837838     10     2
InLa_group1     0.68     6     53.0     1.75     0.794871795     10     1
CdAu_group1     0.85     23     63.5     1.45     0.870967742     1     2
CdLu_group1     0.42     15     59.5     1.65     0.8857142859999999     9     2
CdYb_group1     0.59     15     59.0     1.65     0.8857142859999999     9     3
CdTm_group1     0.44     15     58.5     1.65     0.8857142859999999     9     3
CdEr_group1     0.45     15     58.0     1.65     0.8857142859999999     9     3
CdHo_group1     0.46     15     57.5     1.65     0.8857142859999999     9     3
AgHo_group1     0.7     14     57.0     1.675     0.914285714     8     3
CdDy_group1     0.47     15     57.0     1.65     0.8857142859999999     9     3
CdGd_group1     0.49     15     56.0     1.675     0.8611111109999999     9     3
CdEu_group1     1.69     15     55.5     1.7     0.837837838     9     3
CdSm_group1     0.52     15     55.0     1.7     0.837837838     9     3
CdNd_group1     0.55     15     54.0     1.7     0.837837838     9     3
CdPr_group1     0.56     15     53.5     1.7     0.837837838     9     3
CdCe_group1     0.57     15     53.0     1.7     0.837837838     9     3
CdLa_group1     0.59     15     52.5     1.75     0.794871795     9     2
CdBa_group1     0.8     14     52.0     1.85     0.7209302329999999     10     0
AgYb_group1     0.83     14     58.5     1.675     0.914285714     8     3
AgTm_group1     0.68     14     58.0     1.675     0.914285714     8     3
CdTb_group1     0.49     15     56.5     1.65     0.8857142859999999     9     3
ClCs_group1     2.37     8     36.0     1.8     0.384615385     16     1
TlBi_group1     0.4     8     82.0     1.75     0.842105263     2     0
MgCe_group1     0.19     5     35.0     1.675     0.810810811     1     3
MgPr_group1     0.18     5     35.5     1.675     0.810810811     1     3
MgNd_group1     0.17     5     36.0     1.675     0.810810811     1     3
MgSm_group1     0.14     5     37.0     1.675     0.810810811     1     3
MgEu_group1     1.31     5     37.5     1.675     0.810810811     1     3
MgGd_group1     0.11     5     38.0     1.65     0.833333333     1     3
AlSc_group1     0.25     6     17.0     1.425     0.78125     10     1
MgTb_group1     0.11     5     38.5     1.625     0.857142857     1     3
AlFe_group1     0.22     11     19.5     1.325     0.892857143     5     1
MgDy_group1     0.09     5     39.0     1.625     0.857142857     1     3
AlCo_group1     0.27     12     20.0     1.3     0.9259259259999999     4     1
AlNi_group1     0.3     13     20.5     1.3     0.9259259259999999     3     1
SiRh_group1     0.38     13     29.5     1.225     0.814814815     5     1
AlY_group1     0.39     6     26.0     1.525     0.694444444     10     1
SiRu_group1     0.3     12     29.0     1.2     0.846153846     6     1
AlRu_group1     0.59     11     28.5     1.275     0.961538462     5     1
AlRh_group1     0.67     12     29.0     1.3     0.9259259259999999     4     1
AlPd_group1     0.59     13     29.5     1.325     0.892857143     3     1
MgHo_group1     0.08     5     39.5     1.625     0.857142857     1     3
MgEr_group1     0.07     5     40.0     1.625     0.857142857     1     3
AlRe_group1     0.29     10     44.0     1.3     0.9259259259999999     6     1
AlOs_group1     0.59     11     44.5     1.275     0.961538462     5     1
AlIr_group1     0.59     12     45.0     1.3     0.9259259259999999     4     1
AlPt_group1     0.67     13     45.5     1.3     0.9259259259999999     3     1
AlAu_group1     0.93     14     46.0     1.3     0.9259259259999999     2     1
MgTm_group1     0.06     5     40.5     1.625     0.857142857     1     3
MgYb_group1     0.21     5     41.0     1.625     0.857142857     1     3
MgLu_group1     0.04     5     41.5     1.625     0.857142857     1     2
MgHg_group1     0.69     14     46.0     1.5     1.0     10     2
MgLa_group1     0.21     5     34.5     1.725     0.7692307690000001     1     2
MgAu_group1     1.23     13     45.5     1.425     0.9     9     2
MgPd_group1     0.89     12     29.0     1.45     0.933333333     8     2
LiPd_group1     1.22     11     24.5     1.425     0.9655172409999999     9     2
LiAg_group1     0.95     12     25.0     1.525     0.90625     10     0
LiAu_group1     1.56     12     41.0     1.4     0.931034483     10     2
LiHg_group1     1.02     13     41.5     1.475     0.966666667     11     2
LiTl_group1     0.64     4     42.0     1.675     0.763157895     12     1
LiPb_group1     0.82     5     42.5     1.625     0.805555556     13     1
BeCo_group1     0.31     11     15.5     1.2     0.7777777779999999     7     2
BeNi_group1     0.34     12     16.0     1.2     0.7777777779999999     8     2
BeCu_group1     0.33     13     16.5     1.2     0.7777777779999999     9     2
MgAg_group1     0.62     13     29.5     1.55     0.9375     9     0
BePd_group1     0.63     12     25.0     1.225     0.75     8     2
BeRh_group1     0.71     11     24.5     1.2     0.7777777779999999     7     2
MgTl_group1     0.31     5     46.5     1.7     0.7894736840000001     11     1
MgRh_group1     0.97     11     28.5     1.425     0.9     7     2
MgY_group1     0.09     5     25.5     1.65     0.833333333     1     2
MgSc_group1     0.05     5     16.5     1.55     0.9375     1     2
MgSr_group1     0.36     4     25.0     1.75     0.75     0     0
NaCl_group2     2.23     8     14.0     1.4     0.5555555560000001     16     1
OTa_group2     1.94     11     40.5     1.025     0.413793103     11     1
SrTe_group2     1.15     8     45.0     1.7     0.7     14     1
OPt_group2     1.16     16     43.0     0.975     0.444444444     6     1
FNa_group2     3.05     8     10.0     1.15     0.27777777800000003     16     1
FK_group2     3.16     8     14.0     1.35     0.22727272699999998     16     1
MgSe_group2     1.24     8     23.0     1.325     0.7666666670000001     14     1
NaBr_group2     2.03     8     23.0     1.475     0.638888889     16     1
MgS_group2     1.27     8     14.0     1.25     0.666666667     14     1
FRb_group2     3.16     8     23.0     1.425     0.212765957     16     1
NaI_group2     1.73     8     32.0     1.6     0.7777777779999999     16     1
YTe_group2     0.88     9     45.5     1.6     0.7777777779999999     13     1
FAg_group2     2.05     18     28.0     1.05     0.3125     6     1
YSb_group2     0.83     8     45.0     1.625     0.805555556     12     1
FCs_group2     3.19     8     32.0     1.55     0.192307692     16     1
YBi_group2     0.8     8     61.0     1.7     0.8888888890000001     12     1
SLa_group2     1.48     9     36.5     1.475     0.512820513     13     1
SeYb_group2     1.45     9     52.0     1.45     0.6571428570000001     13     2
BrAg_group2     1.03     18     41.0     1.375     0.71875     6     1
AsYb_group2     1.08     8     51.5     1.45     0.6571428570000001     12     2
AsTm_group2     0.93     8     51.0     1.45     0.6571428570000001     12     2
AsEr_group2     0.94     8     50.5     1.45     0.6571428570000001     12     2
AsHo_group2     0.95     8     50.0     1.45     0.6571428570000001     12     2
AsDy_group2     0.96     8     49.5     1.45     0.6571428570000001     12     2
AsTb_group2     0.98     8     49.0     1.45     0.6571428570000001     12     2
AsGd_group2     0.98     8     48.5     1.475     0.638888889     12     2
AsLu_group2     0.91     8     52.0     1.45     0.6571428570000001     12     1
AsEu_group2     2.18     8     48.0     1.5     0.621621622     12     2
AsPm_group2     1.03     8     47.0     1.5     0.621621622     12     2
AsNd_group2     1.04     8     46.5     1.5     0.621621622     12     2
AsPr_group2     1.05     8     46.0     1.5     0.621621622     12     2
AsCe_group2     1.06     8     45.5     1.5     0.621621622     12     2
AsLa_group2     1.08     8     45.0     1.55     0.58974359     12     1
AsTe_group2     0.08     11     42.5     1.275     0.8214285709999999     1     0
AsSn_group2     0.22     9     41.5     1.3     0.793103448     1     0
AsSm_group2     1.01     8     47.5     1.5     0.621621622     12     2
SeSr_group2     1.6     8     36.0     1.575     0.575     14     1
SeY_group2     1.33     9     36.5     1.475     0.638888889     13     1
SeBa_group2     1.66     8     45.0     1.65     0.534883721     14     1
BrRb_group2     2.14     8     36.0     1.75     0.489361702     16     1
SePb_group2     0.75     10     58.0     1.475     0.638888889     2     0
SBa_group2     1.69     8     36.0     1.575     0.46511627899999997     14     1
SeLu_group2     1.28     9     52.5     1.45     0.6571428570000001     13     1
OYb_group2     2.34     9     39.0     1.175     0.342857143     13     2
SeTm_group2     1.3     9     51.5     1.45     0.6571428570000001     13     2
SeEr_group2     1.31     9     51.0     1.45     0.6571428570000001     13     2
SeHo_group2     1.32     9     50.5     1.45     0.6571428570000001     13     2
SeDy_group2     1.33     9     50.0     1.45     0.6571428570000001     13     2
SeTb_group2     1.35     9     49.5     1.45     0.6571428570000001     13     2
SeGd_group2     1.35     9     49.0     1.475     0.638888889     13     2
SeEu_group2     2.55     9     48.5     1.5     0.621621622     13     2
SeSm_group2     1.38     9     48.0     1.5     0.621621622     13     2
SeNd_group2     1.41     9     47.0     1.5     0.621621622     13     2
SePr_group2     1.42     9     46.5     1.5     0.621621622     13     2
SeCe_group2     1.43     9     46.0     1.5     0.621621622     13     2
SeLa_group2     1.45     9     45.5     1.55     0.58974359     13     1
RbI_group2     1.84     8     45.0     1.875     0.595744681     16     1
OEu_group2     3.44     9     35.5     1.225     0.324324324     13     2
OBa_group2     2.55     8     32.0     1.375     0.27906976699999997     14     1
ONd_group2     2.3     9     34.0     1.225     0.324324324     13     2
NCr_group2     1.38     11     15.5     1.025     0.46428571399999996     9     1
CsPb_group2     1.01     5     68.5     2.2     0.692307692     13     1
TeBi_group2     0.08     11     67.5     1.5     0.875     1     0
TePb_group2     0.3     10     67.0     1.6     0.7777777779999999     2     0
TeLu_group2     0.83     9     61.5     1.575     0.8     13     1
TeYb_group2     1.0     9     61.0     1.575     0.8     13     2
TeTm_group2     0.85     9     60.5     1.575     0.8     13     2
TeEr_group2     0.86     9     60.0     1.575     0.8     13     2
TeHo_group2     0.87     9     59.5     1.575     0.8     13     2
NV_group2     1.41     10     15.0     1.0     0.481481481     10     1
TeDy_group2     0.88     9     59.0     1.575     0.8     13     2
TeGd_group2     0.9     9     58.0     1.6     0.7777777779999999     13     2
TeEu_group2     2.1     9     57.5     1.625     0.756756757     13     2
TeSm_group2     0.93     9     57.0     1.625     0.756756757     13     2
TeNd_group2     0.96     9     56.0     1.625     0.756756757     13     2
TePr_group2     0.97     9     55.5     1.625     0.756756757     13     2
TeCe_group2     0.98     9     55.0     1.625     0.756756757     13     2
TeLa_group2     1.0     9     54.5     1.675     0.7179487179999999     13     1
TeBa_group2     1.21     8     54.0     1.775     0.651162791     14     1
NY_group2     1.82     8     23.0     1.225     0.36111111100000004     12     1
TeTb_group2     0.9     9     58.5     1.575     0.8     13     2
SbLu_group2     0.78     8     61.0     1.6     0.828571429     12     1
NTi_group2     1.5     9     14.5     1.025     0.46428571399999996     11     1
NSc_group2     1.68     8     14.0     1.125     0.40625     12     1
LiCl_group2     2.18     8     10.0     1.225     0.689655172     16     1
LuBi_group2     0.75     8     77.0     1.675     0.914285714     12     1
LiBr_group2     1.98     8     19.0     1.3     0.793103448     16     1
LiI_group2     1.68     8     28.0     1.425     0.9655172409999999     16     1
ErBi_group2     0.78     8     75.5     1.675     0.914285714     12     2
HoBi_group2     0.79     8     75.0     1.675     0.914285714     12     2
DyBi_group2     0.8     8     74.5     1.675     0.914285714     12     2
TbBi_group2     0.82     8     74.0     1.675     0.914285714     12     2
GdBi_group2     0.82     8     73.5     1.7     0.8888888890000001     12     2
LaBi_group2     0.92     8     70.0     1.775     0.8205128209999999     12     1
SmBi_group2     0.85     8     72.5     1.725     0.864864865     12     2
NdBi_group2     0.88     8     71.5     1.725     0.864864865     12     2
CTi_group2     1.01     8     14.0     1.05     0.5     10     1
CZr_group2     1.22     8     23.0     1.125     0.45161290299999995     10     1
PrBi_group2     0.89     8     71.0     1.725     0.864864865     12     2
CNb_group2     0.95     9     23.5     1.075     0.482758621     9     1
CHf_group2     1.25     8     39.0     1.125     0.45161290299999995     10     1
CTa_group2     1.05     9     39.5     1.075     0.482758621     9     1
CeBi_group2     0.9     8     70.5     1.725     0.864864865     12     2
CPt_group2     0.27     14     42.0     1.025     0.518518519     4     1
BHf_group2     0.74     7     38.5     1.2     0.548387097     9     1
SbYb_group2     0.95     8     60.5     1.6     0.828571429     12     2
SbTm_group2     0.8     8     60.0     1.6     0.828571429     12     2
SbEr_group2     0.81     8     59.5     1.6     0.828571429     12     2
NTm_group2     1.79     8     38.0     1.2     0.37142857100000004     12     2
NYb_group2     1.94     8     38.5     1.2     0.37142857100000004     12     2
NLu_group2     1.77     8     39.0     1.2     0.37142857100000004     12     1
NHf_group2     1.74     9     39.5     1.1     0.419354839     11     1
NTa_group2     1.54     10     40.0     1.05     0.448275862     10     1
NW_group2     1.34     11     40.5     1.0     0.481481481     9     1
OMg_group2     2.13     8     10.0     1.05     0.4     14     1
OCa_group2     2.44     8     14.0     1.2     0.333333333     14     1
OV_group2     1.81     11     15.5     0.975     0.444444444     11     1
NEr_group2     1.8     8     37.5     1.2     0.37142857100000004     12     2
OMn_group2     1.89     13     16.5     1.0     0.428571429     9     1
ONi_group2     1.53     16     18.0     0.975     0.444444444     6     1
OSr_group2     2.49     8     23.0     1.3     0.3     14     1
OZr_group2     2.11     10     24.0     1.075     0.387096774     12     1
ONb_group2     1.84     11     24.5     1.025     0.413793103     11     1
OCd_group2     1.75     18     28.0     1.075     0.387096774     4     1
AsZr_group2     0.85     9     36.5     1.35     0.7419354840000001     11     1
OLa_group2     2.34     9     32.5     1.275     0.307692308     13     1
OCe_group2     2.32     9     33.0     1.225     0.324324324     13     2
OPr_group2     2.31     9     33.5     1.225     0.324324324     13     2
OFe_group2     1.61     14     17.0     1.0     0.428571429     8     1
NHo_group2     1.81     8     37.0     1.2     0.37142857100000004     12     2
NDy_group2     1.82     8     36.5     1.2     0.37142857100000004     12     2
NTb_group2     1.84     8     36.0     1.2     0.37142857100000004     12     2
SbHo_group2     0.82     8     59.0     1.6     0.828571429     12     2
SbDy_group2     0.83     8     58.5     1.6     0.828571429     12     2
SbTb_group2     0.85     8     58.0     1.6     0.828571429     12     2
SbGd_group2     0.85     8     57.5     1.625     0.805555556     12     2
SbSm_group2     0.88     8     56.5     1.65     0.783783784     12     2
SbNd_group2     0.91     8     55.5     1.65     0.783783784     12     2
SbPr_group2     0.92     8     55.0     1.65     0.783783784     12     2
SbCe_group2     0.93     8     54.5     1.65     0.783783784     12     2
SbLa_group2     0.95     8     54.0     1.7     0.7435897440000001     12     1
SnTe_group2     0.14     10     51.0     1.425     0.9655172409999999     2     0
NZr_group2     1.71     9     23.5     1.1     0.419354839     11     1
NNb_group2     1.44     10     24.0     1.05     0.448275862     10     1
NMo_group2     0.88     11     24.5     1.05     0.448275862     9     1
NIn_group2     1.26     8     28.0     1.1     0.419354839     2     0
NLa_group2     1.94     8     32.0     1.3     0.333333333     12     1
NCe_group2     1.92     8     32.5     1.25     0.35135135100000003     12     2
NPr_group2     1.91     8     33.0     1.25     0.35135135100000003     12     2
NNd_group2     1.9     8     33.5     1.25     0.35135135100000003     12     2
NSm_group2     1.87     8     34.5     1.25     0.35135135100000003     12     2
NEu_group2     3.04     8     35.0     1.25     0.35135135100000003     12     2
NGd_group2     1.84     8     35.5     1.225     0.36111111100000004     12     2
OSm_group2     2.27     9     35.0     1.225     0.324324324     13     2
AsY_group2     0.96     8     36.0     1.475     0.638888889     12     1
LiF_group2     3.0     8     6.0     0.975     0.344827586     16     1
MnSe_group2     1.0     13     29.5     1.275     0.8214285709999999     9     1
ClAg_group2     1.23     18     32.0     1.3     0.625     6     1
CaSe_group2     1.55     8     27.0     1.475     0.638888889     14     1
PNd_group2     1.05     8     37.5     1.425     0.540540541     12     2
PSm_group2     1.02     8     38.5     1.425     0.540540541     12     2
PEu_group2     2.19     8     39.0     1.425     0.540540541     12     2
PGd_group2     0.99     8     39.5     1.4     0.5555555560000001     12     2
ScBi_group2     0.66     8     52.0     1.6     1.0     12     1
PTb_group2     0.99     8     40.0     1.375     0.571428571     12     2
PDy_group2     0.97     8     40.5     1.375     0.571428571     12     2
PHo_group2     0.96     8     41.0     1.375     0.571428571     12     2
PEr_group2     0.95     8     41.5     1.375     0.571428571     12     2
ScSb_group2     0.69     8     36.0     1.525     0.90625     12     1
PTm_group2     0.94     8     42.0     1.375     0.571428571     12     2
PYb_group2     1.09     8     42.5     1.375     0.571428571     12     2
PLu_group2     0.92     8     43.0     1.375     0.571428571     12     1
SCa_group2     1.58     8     18.0     1.4     0.5555555560000001     14     1
SSc_group2     1.22     9     18.5     1.3     0.625     13     1
ScSe_group2     1.19     9     27.5     1.375     0.71875     13     1
ScAs_group2     0.82     8     27.0     1.375     0.71875     12     1
KBr_group2     2.14     8     27.0     1.675     0.522727273     16     1
KI_group2     1.84     8     36.0     1.8     0.636363636     16     1
SMn_group2     1.03     13     20.5     1.2     0.7142857140000001     9     1
SSr_group2     1.63     8     27.0     1.5     0.5     14     1
SY_group2     1.36     9     27.5     1.4     0.5555555560000001     13     1
CaTe_group2     1.1     8     36.0     1.6     0.7777777779999999     14     1
PCe_group2     1.07     8     36.5     1.425     0.540540541     12     2
PLa_group2     1.09     8     36.0     1.475     0.512820513     12     1
PPr_group2     1.06     8     37.0     1.425     0.540540541     12     2
PZr_group2     0.86     9     27.5     1.275     0.64516129     11     1
SCe_group2     1.46     9     37.0     1.425     0.540540541     13     2
SPr_group2     1.45     9     37.5     1.425     0.540540541     13     2
SNd_group2     1.44     9     38.0     1.425     0.540540541     13     2
PSc_group2     0.83     8     18.0     1.3     0.625     12     1
SSm_group2     1.41     9     39.0     1.425     0.540540541     13     2
SEu_group2     2.58     9     39.5     1.425     0.540540541     13     2
STb_group2     1.38     9     40.5     1.375     0.571428571     13     2
SDy_group2     1.36     9     41.0     1.375     0.571428571     13     2
SHo_group2     1.35     9     41.5     1.375     0.571428571     13     2
SEr_group2     1.34     9     42.0     1.375     0.571428571     13     2
SGd_group2     1.38     9     40.0     1.4     0.5555555560000001     13     2
SZr_group2     1.25     10     28.0     1.275     0.64516129     12     1
STm_group2     1.33     9     42.5     1.375     0.571428571     13     2
SYb_group2     1.48     9     43.0     1.375     0.571428571     13     2
ClRb_group2     2.34     8     27.0     1.675     0.425531915     16     1
SLu_group2     1.31     9     43.5     1.375     0.571428571     13     1
SPb_group2     0.78     10     49.0     1.4     0.5555555560000001     2     0
PY_group2     0.97     8     27.0     1.4     0.5555555560000001     12     1
ClK_group2     2.34     8     18.0     1.6     0.454545455     16     1
OSi_group3     1.54     10     11.0     0.85     0.545454545     2     0
CdTe_group3     0.41     18     50.0     1.475     0.9032258059999999     4     1
CuBr_group3     1.06     18     32.0     1.25     0.851851852     6     1
OGd_group3     2.24     9     36.0     1.2     0.333333333     13     2
InSb_group3     0.27     8     50.0     1.5     0.935483871     2     0
SnSb_group3     0.09     9     50.5     1.45     1.0     1     0
NFe_group3     1.21     13     16.5     1.025     0.46428571399999996     7     1
PGe_group3     0.18     9     23.5     1.125     0.8     1     0
TeHg_group3     0.1     18     66.0     1.45     0.933333333     4     1
PGa_group3     0.38     8     23.0     1.15     0.7692307690000001     2     0
PIn_group3     0.41     8     32.0     1.275     0.64516129     2     0
FCu_group3     2.08     18     19.0     0.925     0.37037037     6     1
MgTe_group3     0.79     8     32.0     1.45     0.933333333     14     1
NCo_group3     1.16     14     17.0     1.0     0.481481481     6     1
SeHg_group3     0.55     18     57.0     1.325     0.7666666670000001     4     1
AlP_group3     0.58     8     14.0     1.125     0.8     2     0
ZnTe_group3     0.45     18     41.0     1.375     0.9642857140000001     4     1
BAs_group3     0.14     8     19.0     1.0     0.739130435     2     0
AlSb_group3     0.44     8     32.0     1.35     0.8620689659999999     2     0
SCd_group3     0.89     18     32.0     1.275     0.64516129     4     1
AlAs_group3     0.57     8     23.0     1.2     0.92     2     0
GaAs_group3     0.37     8     32.0     1.225     0.884615385     2     0
GaSb_group3     0.24     8     41.0     1.375     0.896551724     2     0
SiP_group3     0.29     9     14.5     1.05     0.9090909090000001     1     0
SSn_group3     0.62     10     33.0     1.225     0.689655172     2     0
SeCd_group3     0.86     18     41.0     1.35     0.7419354840000001     4     1
SeAg_group3     0.62     17     40.5     1.375     0.71875     5     1
BeTe_group3     0.53     8     28.0     1.225     0.75     14     1
ClCu_group3     1.26     18     23.0     1.175     0.740740741     6     1
BeSe_group3     0.98     8     19.0     1.1     0.913043478     14     1
BeS_group3     1.01     8     10.0     1.025     0.9523809520000001     14     1
AsIn_group3     0.4     8     41.0     1.35     0.7419354840000001     2     0
BP_group3     0.15     8     10.0     0.925     0.85     2     0
ZnSe_group3     0.9     18     32.0     1.25     0.851851852     4     1
SZn_group3     0.93     18     23.0     1.175     0.740740741     4     1
AlTi_group4     0.07     7     17.5     1.325     0.892857143     9     1
CdPt_group4     0.59     22     63.0     1.45     0.870967742     2     2
FePd_group4     0.37     18     36.0     1.4     1.0     2     0
LuTl_group4     0.35     6     76.0     1.825     0.921052632     10     1
FePt_group4     0.45     18     52.0     1.375     0.9642857140000001     2     0
TiGa_group4     0.27     7     26.5     1.35     0.9285714290000001     9     1
TiGe_group4     0.47     8     27.0     1.325     0.892857143     10     1
PdHg_group4     0.2     22     63.0     1.45     0.933333333     2     0
MnGe_group4     0.46     11     28.5     1.325     0.892857143     7     1
CuAu_group4     0.64     22     54.0     1.35     1.0     0     0
SnYb_group4     0.86     7     60.0     1.6     0.828571429     11     2
LiBi_group4     1.04     6     43.0     1.525     0.90625     14     1
TiHg_group4     0.46     16     51.0     1.45     0.933333333     8     0
TiIr_group4     0.66     13     49.5     1.375     0.9642857140000001     5     0
InLu_group4     0.51     6     60.0     1.65     0.8857142859999999     10     1
YbPb_group4     0.7     7     76.0     1.775     0.9722222220000001     11     2
CrPt_group4     0.62     16     51.0     1.375     0.9642857140000001     4     0
CoPt_group4     0.4     19     52.5     1.35     1.0     1     0
ZnPt_group4     0.63     22     54.0     1.35     1.0     2     0
MnIr_group4     0.65     16     51.0     1.375     0.9642857140000001     2     0
PtHg_group4     0.28     22     79.0     1.425     0.9     2     0
EuPb_group4     1.8     7     72.5     1.825     0.972972973     11     2
MnPt_group4     0.73     17     51.5     1.375     0.9642857140000001     3     0
NbIr_group4     0.6     14     59.0     1.4     0.931034483     4     0
NiPt_group4     0.37     20     53.0     1.35     1.0     0     0
MgPt_group4     0.97     12     45.0     1.425     0.9     8     2
ScIn_group4     0.42     6     35.0     1.575     0.96875     10     1
MgIn_group4     0.47     5     30.5     1.525     0.967741935     11     1
NaBi_group4     1.09     6     47.0     1.7     0.8888888890000001     14     1
ZrHg_group4     0.67     16     60.0     1.525     0.967741935     8     0
MnNi_group4     0.36     17     26.5     1.375     0.9642857140000001     3     0
CaSn_group5     0.96     6     35.0     1.625     0.805555556     12     1
SiLu_group5     0.63     7     42.5     1.425     0.628571429     11     1
HfPt_group5     0.98     14     75.0     1.45     0.870967742     6     0
GeGd_group5     0.81     7     48.0     1.525     0.694444444     11     2
NdPt_group5     1.14     13     69.0     1.6     0.72972973     7     1
InI_group5     0.88     10     51.0     1.475     0.9032258059999999     4     0
ScGa_group5     0.45     6     26.0     1.45     0.8125     10     1
CaGe_group5     1.01     6     26.0     1.525     0.694444444     12     1
CePt_group5     1.16     13     68.0     1.6     0.72972973     7     1
ITl_group5     1.04     10     67.0     1.65     0.736842105     4     0
ScGe_group5     0.65     7     26.5     1.425     0.78125     11     1
BRu_group5     0.16     11     24.5     1.075     0.653846154     5     1
BMo_group5     0.12     9     23.5     1.15     0.5862068970000001     7     1
BNb_group5     0.44     8     23.0     1.15     0.5862068970000001     8     1
BRh_group5     0.24     12     25.0     1.1     0.62962963     4     1
BTa_group5     0.54     8     39.0     1.15     0.5862068970000001     8     1
BNi_group5     0.13     13     16.5     1.1     0.62962963     3     1
CaAu_group5     1.54     13     49.5     1.575     0.75     9     2
CaAg_group5     0.93     13     33.5     1.7     0.8888888890000001     9     0
LaPt_group5     1.18     13     67.5     1.65     0.692307692     7     0
BCr_group5     0.38     9     14.5     1.125     0.607142857     7     1
BV_group5     0.41     8     14.0     1.1     0.62962963     8     1
CaZn_group5     0.65     14     25.0     1.575     0.75     10     2
CaGa_group5     0.81     5     25.5     1.55     0.7222222220000001     11     1
SnEu_group5     1.96     7     56.5     1.65     0.783783784     11     2
SnLa_group5     0.86     7     53.5     1.7     0.7435897440000001     11     1
SnBa_group5     1.07     6     53.0     1.8     0.674418605     12     1
BaPb_group5     0.91     6     69.0     1.975     0.837209302     12     1
PrPt_group5     1.15     13     68.5     1.6     0.72972973     7     1
GeTb_group5     0.81     7     48.5     1.5     0.7142857140000001     11     2
SiYb_group5     0.8     7     42.0     1.425     0.628571429     11     2
GaPm_group5     0.66     6     46.0     1.575     0.7027027029999999     10     2
RhLa_group5     1.18     12     51.0     1.65     0.692307692     6     0
RhCe_group5     1.16     12     51.5     1.6     0.72972973     6     1
RhPr_group5     1.15     12     52.0     1.6     0.72972973     6     1
RhNd_group5     1.14     12     52.5     1.6     0.72972973     6     1
NiGd_group5     0.71     13     46.0     1.575     0.75     7     1
NiSm_group5     0.74     13     45.0     1.6     0.72972973     7     1
GaNd_group5     0.67     6     45.5     1.575     0.7027027029999999     10     2
NiNd_group5     0.77     13     44.0     1.6     0.72972973     7     1
NiPr_group5     0.78     13     43.5     1.6     0.72972973     7     1
NiCe_group5     0.79     13     43.0     1.6     0.72972973     7     1
NiLa_group5     0.81     13     42.5     1.65     0.692307692     7     0
SiSr_group5     0.95     6     26.0     1.55     0.55     12     1
GaGd_group5     0.61     6     47.5     1.55     0.7222222220000001     10     2
GaTb_group5     0.61     6     48.0     1.525     0.7428571429999999     10     2
GaDy_group5     0.59     6     48.5     1.525     0.7428571429999999     10     2
GaSm_group5     0.64     6     46.5     1.575     0.7027027029999999     10     2
GaHo_group5     0.58     6     49.0     1.525     0.7428571429999999     10     2
GaPr_group5     0.68     6     45.0     1.575     0.7027027029999999     10     2
GaLa_group5     0.71     6     44.0     1.625     0.666666667     10     1
SrPb_group5     0.85     6     60.0     1.9     0.9     12     1
SiY_group5     0.68     7     26.5     1.45     0.611111111     11     1
YPd_group5     0.98     13     42.5     1.6     0.7777777779999999     7     0
SrSn_group5     1.01     6     44.0     1.725     0.725     12     1
SiZr_group5     0.57     8     27.0     1.325     0.709677419     10     1
SiBa_group5     1.01     6     35.0     1.625     0.511627907     12     1
SrPd_group5     1.25     12     42.0     1.7     0.7     8     2
GaCe_group5     0.69     6     44.5     1.575     0.7027027029999999     10     2
BrIn_group5     1.18     10     42.0     1.35     0.7419354840000001     4     0
SiCa_group5     0.9     6     17.0     1.45     0.611111111     12     1
SiTm_group5     0.65     7     41.5     1.425     0.628571429     11     2
AlHf_group5     0.31     7     42.5     1.4     0.806451613     9     1
AlZr_group5     0.28     7     26.5     1.4     0.806451613     9     1
ZrPd_group5     0.87     14     43.0     1.475     0.9032258059999999     6     0
GaY_group5     0.59     6     35.0     1.55     0.7222222220000001     10     1
NiHf_group5     0.61     14     50.0     1.45     0.870967742     6     0
SiSc_group5     0.54     7     17.5     1.35     0.6875     11     1
PdBa_group5     1.31     12     51.0     1.775     0.651162791     8     2
GaEu_group5     1.81     6     47.0     1.575     0.7027027029999999     10     2
PdCe_group5     1.08     13     52.0     1.625     0.756756757     7     1
CoY_group5     0.66     12     33.0     1.575     0.75     6     0
GePr_group5     0.88     7     45.5     1.55     0.6756756759999999     11     2
GeNd_group5     0.87     7     46.0     1.55     0.6756756759999999     11     2
GePm_group5     0.86     7     46.5     1.55     0.6756756759999999     11     2
GeSm_group5     0.84     7     47.0     1.55     0.6756756759999999     11     2
SiGd_group5     0.7     7     39.0     1.45     0.611111111     11     2
GeEu_group5     2.01     7     47.5     1.55     0.6756756759999999     11     2
GeTm_group5     0.76     7     50.5     1.5     0.7142857140000001     11     2
SiTb_group5     0.7     7     39.5     1.425     0.628571429     11     2
GeEr_group5     0.77     7     50.0     1.5     0.7142857140000001     11     2
SiDy_group5     0.68     7     40.0     1.425     0.628571429     11     2
GeHo_group5     0.78     7     49.5     1.5     0.7142857140000001     11     2
SiHo_group5     0.67     7     40.5     1.425     0.628571429     11     2
GeDy_group5     0.79     7     49.0     1.5     0.7142857140000001     11     2
SiEr_group5     0.66     7     41.0     1.425     0.628571429     11     2
PdLa_group5     1.1     13     51.5     1.675     0.7179487179999999     7     0
GeBa_group5     1.12     6     44.0     1.7     0.581395349     12     1
SiEu_group5     1.9     7     38.5     1.475     0.594594595     11     2
GeY_group5     0.79     7     35.5     1.525     0.694444444     11     1
PdTb_group5     1.0     13     55.5     1.575     0.8     7     1
NiZr_group5     0.58     14     34.0     1.45     0.870967742     6     0
GaLu_group5     0.54     6     51.0     1.525     0.7428571429999999     10     1
GaEr_group5     0.57     6     49.5     1.525     0.7428571429999999     10     2
GeSr_group5     1.06     6     35.0     1.625     0.625     12     1
GaYb_group5     0.71     6     50.5     1.525     0.7428571429999999     10     2
GaTm_group5     0.56     6     50.0     1.525     0.7428571429999999     10     2
PdGd_group5     1.0     13     55.0     1.6     0.7777777779999999     7     1
PdEu_group5     2.2     13     54.5     1.625     0.756756757     7     1
PdSm_group5     1.03     13     54.0     1.625     0.756756757     7     1
PdNd_group5     1.06     13     53.0     1.625     0.756756757     7     1
PdPr_group5     1.07     13     52.5     1.625     0.756756757     7     1
EuAu_group6     2.54     14     71.0     1.6     0.72972973     8     1
ZnSr_group6     0.7     14     34.0     1.675     0.675     10     2
ErPt_group6     1.04     13     73.0     1.55     0.77     7     1
CuYb_group6     0.8     14     49.5     1.55     0.77     8     1
BTi_group6     0.5     7     13.5     1.125     0.607142857     9     1
TmPt_group6     1.03     13     73.5     1.55     0.77     7     1
HoPt_group6     1.05     13     72.5     1.55     0.77     7     1
LuPt_group6     1.01     13     74.5     1.55     0.77     7     0
TbPt_group6     1.08     13     71.5     1.55     0.77     7     1
BCo_group6     0.16     12     16.0     1.1     0.62962963     4     1
BFe_group6     0.21     11     15.5     1.125     0.607142857     5     1
GeZr_group6     0.68     8     36.0     1.4     0.806451613     10     1
DyPt_group6     1.06     13     72.0     1.55     0.77     7     1
BMn_group6     0.49     10     15.0     1.125     0.607142857     6     1
GeCe_group6     0.89     7     45.0     1.55     0.6756756759999999     11     2
GeLa_group6     0.91     7     44.5     1.6     0.641025641     11     1
YbPt_group6     1.18     13     74.0     1.55     0.77     7     1
GdPt_group6     1.08     13     71.0     1.575     0.75     7     1
SiTi_group6     0.36     8     18.0     1.25     0.7857142859999999     10     1
SiCe_group6     0.78     7     36.0     1.475     0.594594595     11     2
SiHf_group6     0.6     8     43.0     1.325     0.709677419     10     1
SiNd_group6     0.76     7     37.0     1.475     0.594594595     11     2
AgBa_group6     1.04     13     51.5     1.875     0.744186047     9     0
SiSm_group6     0.73     7     38.0     1.475     0.594594595     11     2
AgEu_group6     1.93     14     55.0     1.725     0.864864865     8     3
NiDy_group6     0.69     13     47.0     1.55     0.77     7     1
NiHo_group6     0.68     13     47.5     1.55     0.77     7     1
NiEr_group6     0.67     13     48.0     1.55     0.77     7     1
NiTm_group6     0.66     13     48.5     1.55     0.77     7     1
NiYb_group6     0.81     13     49.0     1.55     0.77     7     1
NiLu_group6     0.64     13     49.5     1.55     0.77     7     0
BaAu_group6     1.65     13     67.5     1.75     0.627906977     9     2
NiY_group6     0.69     13     33.5     1.575     0.75     7     0
SiPr_group6     0.77     7     36.5     1.475     0.594594595     11     2
LaAu_group6     1.44     14     68.0     1.65     0.692307692     8     0
SiLa_group6     0.8     7     35.5     1.525     0.564102564     11     1
CuNd_group6     0.76     14     44.5     1.6     0.72972973     8     1
CuPr_group6     0.77     14     44.0     1.6     0.72972973     8     1
CuLa_group6     0.8     14     43.0     1.65     0.692307692     8     0
CeAu_group6     1.42     14     68.5     1.6     0.72972973     8     1
YPt_group6     1.06     13     58.5     1.575     0.75     7     0
CuCe_group6     0.78     14     43.5     1.6     0.72972973     8     1
NiAs_group7     0.27     15     30.5     1.25     0.851851852     5     1
PtPb_group7     0.48     14     80.0     1.575     0.75     4     1
CoTe_group7     0.22     15     39.5     1.375     0.9642857140000001     7     1
CoSb_group7     0.17     14     39.0     1.4     0.931034483     6     1
VSe_group7     0.92     11     28.5     1.25     0.851851852     11     1
VTe_group7     0.47     11     37.5     1.375     0.9642857140000001     11     1
VSb_group7     0.42     10     37.0     1.4     0.931034483     10     1
IrPb_group7     0.4     13     79.5     1.575     0.75     5     1
FeSb_group7     0.22     13     38.5     1.425     0.9655172409999999     7     1
MnTe_group7     0.55     13     38.5     1.4     1.0     9     1
NiSe_group7     0.64     16     31.0     1.25     0.851851852     6     1
CrSb_group7     0.39     11     37.5     1.425     0.9655172409999999     9     1
MnBi_group7     0.47     12     54.0     1.5     0.875     8     1
PV_group7     0.56     10     19.0     1.175     0.740740741     10     1
PtBi_group7     0.26     15     80.5     1.475     0.84375     5     1
SbIr_group7     0.15     14     64.0     1.4     0.931034483     6     1
SnPt_group7     0.32     14     64.0     1.4     0.931034483     4     1
SNb_group7     0.98     11     28.5     1.225     0.689655172     11     1
CuSn_group7     0.06     15     39.5     1.4     0.931034483     3     1
SCo_group7     0.7     15     21.5     1.175     0.740740741     7     1
BaPt_group7     1.39     12     67.0     1.75     0.627906977     8     2
NbSb_group7     0.45     10     46.0     1.45     1.0     10     1
SV_group7     0.95     11     19.5     1.175     0.740740741     11     1
RhTe_group7     0.18     15     48.5     1.375     0.9642857140000001     7     1
STi_group7     1.04     10     19.0     1.2     0.7142857140000001     12     1
ScTe_group7     0.74     9     36.5     1.5     0.875     13     1
NiTe_group7     0.19     16     40.0     1.375     0.9642857140000001     6     1
SbPt_group7     0.23     15     64.5     1.4     0.931034483     5     1
BPt_group7     0.24     13     41.5     1.1     0.62962963     3     1
NiSb_group7     0.14     15     39.5     1.4     0.931034483     5     1
RhBi_group7     0.26     14     64.0     1.475     0.84375     6     1
NiSn_group7     0.05     14     39.0     1.4     0.931034483     4     1
TiSb_group7     0.51     9     36.5     1.425     0.9655172409999999     11     1
SnAu_group7     0.58     15     64.5     1.4     0.931034483     3     1
SnIr_group7     0.24     13     63.5     1.4     0.931034483     5     1
MnAs_group7     0.63     12     29.0     1.275     0.8214285709999999     8     1

