      Rank       #data_overlap        size_overlap          Feature_ID
         1                   0        -12114.24410   (       1       3)
         2                   0        -12045.95643   (       2       3)
         3                   0        -11669.97559   (       3       4)
         4                   0        -11449.03385   (       3       5)
         5                   0        -11395.77723   (       3       6)
         6                   0        -11384.33302   (       3       7)
         7                   0        -11372.97538   (       3       8)
         8                   0        -11322.30685   (       3       9)
         9                   0        -11061.90043   (       3      11)
        10                   0        -10994.19066   (       3      12)
        11                   0        -10964.76000   (       3      14)
        12                   0        -10940.13826   (       3      15)
        13                   0        -10866.11690   (       3      18)
        14                   0        -10721.84914   (       3      16)
        15                   0        -10193.80429   (       3      10)
        16                   0        -10131.59234   (       3      13)
        17                   0         -9960.99242   (       3      20)
        18                   0         -9712.86570   (       3      17)
        19                   0         -9190.38745   (       3      19)
        20                   0         -7928.17077   (       1       2)
        21                   0         -7347.81447   (       1      13)
        22                   0         -7344.32813   (       1       4)
        23                   0         -7234.67578   (       2      13)
        24                   0         -7231.13490   (       2       4)
        25                   0         -6987.93256   (       1       5)
        26                   0         -6900.33072   (       1       6)
        27                   0         -6881.41437   (       1       7)
        28                   0         -6868.86874   (       2       5)
        29                   0         -6862.60843   (       1       8)
        30                   0         -6779.72863   (       2       6)
        31                   0         -6778.30789   (       1       9)
        32                   0         -6760.47484   (       2       7)
        33                   0         -6741.33153   (       2       8)
        34                   0         -6655.49503   (       2       9)
        35                   0         -6652.75076   (       1      10)
        36                   0         -6589.67356   (       4      13)
        37                   0         -6527.57604   (       2      10)
        38                   0         -6333.75612   (       1      11)
        39                   0         -6214.74486   (       1      12)
        40                   0         -6202.14664   (       2      11)
        41                   0         -6189.97928   (       5      13)
        42                   0         -6185.84042   (       4       5)
        43                   0         -6162.53092   (       1      14)
        44                   0         -6118.62703   (       1      15)
        45                   0         -6104.95436   (       1      16)
        46                   0         -6090.91176   (       6      13)
        47                   0         -6086.70554   (       4       6)
        48                   0         -6080.56001   (       2      12)
        49                   0         -6069.47326   (       7      13)
        50                   0         -6065.25218   (       4       7)
        51                   0         -6048.14322   (       8      13)
        52                   0         -6043.90724   (       4       8)
        53                   0         -6027.18372   (       2      14)
        54                   0         -5993.28150   (       1      17)
        55                   0         -5987.95763   (       1      18)
        56                   0         -5982.28660   (       2      15)
        57                   0         -5979.38802   (       1      19)
        58                   0         -5968.30160   (       2      16)
        59                   0         -5952.31886   (       9      13)
        60                   0         -5951.45305   (       1      20)
        61                   0         -5948.01463   (       4       9)
        62                   0         -5854.02250   (       2      17)
        63                   0         -5848.57187   (       2      18)
        64                   0         -5839.79772   (       2      19)
        65                   0         -5811.19176   (       2      20)
        66                   0         -5808.93576   (      10      13)
        67                   0         -5804.52521   (       4      10)
        68                   0         -5679.16083   (       1      39)
        69                   0         -5679.16083   (       1      34)
        70                   0         -5679.16083   (       1      33)
        71                   0         -5679.16083   (       1      29)
        72                   0         -5679.16083   (       1      32)
        73                   0         -5679.16083   (       1      28)
        74                   0         -5679.16083   (       1      30)
        75                   0         -5679.16083   (       1      27)
        76                   0         -5679.16083   (       1      40)
        77                   0         -5679.16083   (       1      31)
        78                   0         -5679.16083   (       1      38)
        79                   0         -5679.16083   (       1      36)
        80                   0         -5679.16083   (       1      26)
        81                   0         -5679.16083   (       1      25)
        82                   0         -5679.16083   (       1      22)
        83                   0         -5679.16083   (       1      23)
        84                   0         -5679.16083   (       1      21)
        85                   0         -5679.16083   (       1      37)
        86                   0         -5679.16083   (       1      35)
        87                   0         -5679.16083   (       1      24)
        88                   0         -5651.55112   (       5       6)
        89                   0         -5628.43937   (       5       7)
        90                   0         -5605.43134   (       5       8)
        91                   0         -5532.00000   (       2      39)
        92                   0         -5532.00000   (       2      34)
        93                   0         -5532.00000   (       2      33)
        94                   0         -5532.00000   (       2      29)
        95                   0         -5532.00000   (       2      32)
        96                   0         -5532.00000   (       2      28)
        97                   0         -5532.00000   (       2      30)
        98                   0         -5532.00000   (       2      27)
        99                   0         -5532.00000   (       2      40)
       100                   0         -5532.00000   (       2      31)
