      Rank       #data_overlap        size_overlap          Feature_ID
         1                   0         -5679.16083   (       1)
         2                   0         -5532.00000   (       2)
         3                   0         -5058.22501   (       3)
         4                   0         -4656.85387   (       4)
         5                   0         -4071.65000   (       5)
         6                   0         -3919.40000   (       6)
         7                   0         -3886.00000   (       7)
         8                   0         -3852.60000   (       8)
         9                   0         -3700.35000   (       9)
        10                   0         -3465.00000   (      10)
        11                   0         -2804.21092   (      11)
        12                   0         -2523.92274   (      12)
        13                   0         -2406.20296   (      13)
        14                   0         -2392.47144   (      14)
        15                   0         -2277.00000   (      15)
        16                   0         -2240.00000   (      16)
        17                   0         -1914.82517   (      17)
        18                   0         -1898.09612   (      18)
        19                   0         -1870.88572   (      19)
        20                   0         -1779.58582   (      20)
